name: metagym
channels:
  - bioconda
  - conda-forge
  - defaults
dependencies:
  - _libgcc_mutex=0.1=conda_forge
  - _openmp_mutex=4.5=1_gnu
  - blast=2.12.0=hf3cf87c_4
  - bowtie2=2.4.5=py39hd2f7db1_2
  - bzip2=1.0.8=h7b6447c_0
  - c-ares=1.18.1=h7f8727e_0
  - ca-certificates=2022.3.29=h06a4308_1
  - certifi=2021.10.8=py39h06a4308_2
  - curl=7.82.0=h7f8727e_0
  - dbus=1.13.18=hb2f20db_0
  - entrez-direct=16.2=he881be0_0
  - expat=2.4.4=h295c915_0
  - fastp=0.23.2=hb7a2d85_2
  - fastqc=0.11.9=hdfd78af_1
  - font-ttf-dejavu-sans-mono=2.37=hd3eb1b0_0
  - fontconfig=2.13.1=h6c09931_0
  - freetype=2.11.0=h70c0345_0
  - glib=2.69.1=h4ff587b_1
  - htslib=1.15.1=h9753748_0
  - icu=58.2=he6710b0_3
  - isa-l=2.30.0=ha770c72_4
  - kaiju=1.8.2=h5b5514e_1
  - kneaddata=0.10.0=pyhdfd78af_0
  - kraken2=2.1.2=pl5321h9f5acd7_2
  - krb5=1.19.2=hac12032_0
  - ld_impl_linux-64=2.35.1=h7274673_9
  - libcurl=7.82.0=h0b77cf5_0
  - libdeflate=1.10=h7f98852_0
  - libedit=3.1.20210910=h7f8727e_0
  - libev=4.33=h7f8727e_1
  - libffi=3.3=he6710b0_2
  - libgcc-ng=11.2.0=h1d223b6_15
  - libgomp=11.2.0=h1d223b6_15
  - libiconv=1.16=h516909a_0
  - libnghttp2=1.46.0=hce63b2e_0
  - libnsl=2.0.0=h7f98852_0
  - libpng=1.6.37=hbc83047_0
  - libssh2=1.9.0=h1ba5d50_1
  - libstdcxx-ng=11.2.0=he4da1e4_15
  - libuuid=1.0.3=h7f8727e_2
  - libxcb=1.14=h7b6447c_0
  - libxml2=2.9.12=h03d6c58_0
  - libzlib=1.2.11=h166bdaf_1014
  - lz4-c=1.9.3=h295c915_1
  - ncurses=6.3=h7f8727e_2
  - openjdk=11.0.13=h87a67e3_0
  - openssl=1.1.1n=h7f8727e_0
  - pcre=8.45=h295c915_0
  - perl=5.32.1=2_h7f98852_perl5
  - perl-archive-tar=2.40=pl5321hdfd78af_0
  - perl-carp=1.50=pl5321hd8ed1ab_0
  - perl-common-sense=3.75=pl5321hdfd78af_0
  - perl-compress-raw-bzip2=2.103=pl5321h87f3376_0
  - perl-compress-raw-zlib=2.103=pl5321h87f3376_0
  - perl-encode=3.17=pl5321hec16e2b_0
  - perl-exporter=5.74=pl5321hd8ed1ab_0
  - perl-exporter-tiny=1.002002=pl5321hdfd78af_0
  - perl-extutils-makemaker=7.64=pl5321hd8ed1ab_0
  - perl-io-compress=2.102=pl5321h87f3376_1
  - perl-io-zlib=1.11=pl5321hdfd78af_0
  - perl-json=4.05=pl5321hdfd78af_0
  - perl-json-xs=2.34=pl5321h9f5acd7_5
  - perl-list-moreutils=0.430=pl5321hdfd78af_0
  - perl-list-moreutils-xs=0.430=pl5321hec16e2b_1
  - perl-parent=0.238=pl5321hd8ed1ab_0
  - perl-pathtools=3.75=pl5321hec16e2b_3
  - perl-scalar-list-utils=1.62=pl5321hec16e2b_0
  - perl-types-serialiser=1.01=pl5321hdfd78af_0
  - pip=21.2.4=py39h06a4308_0
  - popt=1.16=h0b475e3_2002
  - python=3.9.12=h12debd9_0
  - python_abi=3.9=2_cp39
  - readline=8.1.2=h7f8727e_1
  - rsync=3.2.3=hffa082f_3
  - samtools=1.15.1=h1170115_0
  - seqkit=2.2.0=h9ee0642_0
  - setuptools=61.2.0=py39h06a4308_0
  - sqlite=3.38.2=hc218d9a_0
  - tar=1.34=ha1f6473_0
  - tbb=2020.3=hfd86e86_0
  - tk=8.6.11=h1ccaba5_0
  - trf=4.09.1=hec16e2b_2
  - trimmomatic=0.39=hdfd78af_2
  - tzdata=2022a=hda174b7_0
  - wget=1.20.1=h20c2e04_0
  - wheel=0.37.1=pyhd3eb1b0_0
  - xxhash=0.8.0=h7f8727e_3
  - xz=5.2.5=h7b6447c_0
  - zlib=1.2.11=h166bdaf_1014
  - zstd=1.5.2=ha95c52a_0
  - pip:
    - extern==0.4.1
    - kingfisher==0.0.1.dev0
prefix: /mnt/MetaGym/anaconda3/envs/metagym
